##### CNN #####:
Model Stats:
              precision    recall  f1-score   support

           0       0.90      0.96      0.93    120537
           1       0.95      0.90      0.92    120537
           2       0.99      0.97      0.98    120537
           3       1.00      0.92      0.96    120537
           4       0.76      0.97      0.85    120537
           5       0.90      0.73      0.80    120537

    accuracy                           0.91    723222
   macro avg       0.92      0.91      0.91    723222
weighted avg       0.92      0.91      0.91    723222


##### LSTM #####:
Model Stats:
              precision    recall  f1-score   support

           0       0.94      0.99      0.96    120537
           1       0.99      0.97      0.98    120537
           2       0.98      0.99      0.99    120537
           3       0.99      0.96      0.97    120537
           4       0.77      1.00      0.87    120537
           5       1.00      0.71      0.83    120537

    accuracy                           0.93    723222
   macro avg       0.95      0.93      0.93    723222
weighted avg       0.95      0.93      0.93    723222


-##### Ensemble #####:
Model Stats:
              precision    recall  f1-score   support

           0       0.97      0.98      0.97    120537
           1       0.99      0.98      0.99    120537
           2       0.99      0.99      0.99    120537
           3       0.99      0.98      0.99    120537
           4       0.78      0.99      0.87    120537
           5       0.99      0.71      0.83    120537

    accuracy                           0.94    723222
   macro avg       0.95      0.94      0.94    723222
weighted avg       0.95      0.94      0.94    723222
